23.96 14.99 3 10.00
44.25 -9.52 3.5 25.00
68.91 -11.03 6.06 35.00
80.91 -8.04 6.28 35.00
91.92 -5.03 5.47 35.00
102.92 -2.03 5.67 35.00
121.89 6.96 8.04 35.00
135.88 16.96 8.33 35.00
172.88 32.95 9.04 25.00
183.87 65.95 9.42 15.00
206.87 78.95 9.88 20.00
242.87 79.95 10.47 10.00
223.87 99.95 10.29 10.00
183.88 102.95 9.15 15.00
162.88 89.96 8.73 25.00
153.89 76.96 8.00 25.00
136.90 85.96 7.78 10.00
113.90 81.96 7.38 10.00
82.93 59.97 4.93 10.00
70.91 27.96 6.34 10.00
39.89 35.96 5.88 15.00
18.88 26.96 4.48 20.00
-0.03 -0.01 2.00 10.00